Card #0
   B     I     N     G     O     D     A     R     L     Y   
+-----+-----+-----+-----+-----+-----+-----+-----+-----+-----+
|  2  | 28  | 51  | 72  | 87  | 111 | 134 | 146 | 166 | 190 |
+-----+-----+-----+-----+-----+-----+-----+-----+-----+-----+
|  3  | 35  | 47  | 78  | 83  | 117 | 125 | 145 | 178 | 189 |
+-----+-----+-----+-----+-----+-----+-----+-----+-----+-----+
|  4  | 26  | 43  | 79  | 98  | 120 | 132 | 153 | 169 | 183 |
+-----+-----+-----+-----+-----+-----+-----+-----+-----+-----+
| 19  | 22  | 57  | 68  | 84  | 102 | 123 | 142 | 163 | 193 |
+-----+-----+-----+-----+-----+-----+-----+-----+-----+-----+
|  1  | 27  | 42  | 75  | 82  | 110 | 128 | 149 | 165 | 198 |
+-----+-----+-----+-----+-----+-----+-----+-----+-----+-----+
|  7  | 39  | 41  | 62  | 86  | 114 | 136 | 154 | 177 | 195 |
+-----+-----+-----+-----+-----+-----+-----+-----+-----+-----+
|  5  | 32  | 55  | 73  | 89  | 113 | 124 | 150 | 162 | 200 |
+-----+-----+-----+-----+-----+-----+-----+-----+-----+-----+
| 10  | 30  | 46  | 64  | 90  | 107 | 127 | 143 | 179 | 185 |
+-----+-----+-----+-----+-----+-----+-----+-----+-----+-----+
|  8  | 25  | 50  | 74  | 88  | 115 | 129 | 157 | 161 | 187 |
+-----+-----+-----+-----+-----+-----+-----+-----+-----+-----+
| 17  | 23  | 45  | 80  | 96  | 105 | 138 | 148 | 172 | 194 |
+-----+-----+-----+-----+-----+-----+-----+-----+-----+-----+

Card #1
   B     I     N     G     O     D     A     R     L     Y   
+-----+-----+-----+-----+-----+-----+-----+-----+-----+-----+
|  9  | 24  | 43  | 75  | 81  | 110 | 136 | 149 | 167 | 189 |
+-----+-----+-----+-----+-----+-----+-----+-----+-----+-----+
| 18  | 40  | 46  | 70  | 97  | 119 | 139 | 159 | 180 | 183 |
+-----+-----+-----+-----+-----+-----+-----+-----+-----+-----+
|  3  | 23  | 47  | 79  | 84  | 107 | 132 | 143 | 169 | 192 |
+-----+-----+-----+-----+-----+-----+-----+-----+-----+-----+
| 14  | 38  | 56  | 65  | 85  | 111 | 138 | 146 | 178 | 186 |
+-----+-----+-----+-----+-----+-----+-----+-----+-----+-----+
| 19  | 31  | 49  | 72  | 82  | 105 | 140 | 144 | 162 | 191 |
+-----+-----+-----+-----+-----+-----+-----+-----+-----+-----+
| 12  | 25  | 60  | 67  | 93  | 103 | 121 | 157 | 166 | 184 |
+-----+-----+-----+-----+-----+-----+-----+-----+-----+-----+
|  8  | 22  | 54  | 66  | 98  | 114 | 134 | 141 | 168 | 185 |
+-----+-----+-----+-----+-----+-----+-----+-----+-----+-----+
|  2  | 36  | 51  | 61  | 86  | 104 | 137 | 142 | 171 | 188 |
+-----+-----+-----+-----+-----+-----+-----+-----+-----+-----+
|  4  | 21  | 52  | 62  | 99  | 117 | 128 | 156 | 179 | 193 |
+-----+-----+-----+-----+-----+-----+-----+-----+-----+-----+
| 13  | 34  | 42  | 64  | 83  | 108 | 127 | 160 | 177 | 181 |
+-----+-----+-----+-----+-----+-----+-----+-----+-----+-----+

Card #2
   B     I     N     G     O     D     A     R     L     Y   
+-----+-----+-----+-----+-----+-----+-----+-----+-----+-----+
| 17  | 29  | 60  | 63  | 88  | 112 | 122 | 154 | 165 | 186 |
+-----+-----+-----+-----+-----+-----+-----+-----+-----+-----+
| 10  | 24  | 51  | 64  | 95  | 104 | 128 | 150 | 180 | 188 |
+-----+-----+-----+-----+-----+-----+-----+-----+-----+-----+
| 13  | 31  | 52  | 61  | 89  | 120 | 121 | 149 | 173 | 190 |
+-----+-----+-----+-----+-----+-----+-----+-----+-----+-----+
| 20  | 35  | 46  | 72  | 83  | 103 | 135 | 160 | 166 | 199 |
+-----+-----+-----+-----+-----+-----+-----+-----+-----+-----+
|  8  | 28  | 55  | 69  | 92  | 110 | 126 | 156 | 176 | 195 |
+-----+-----+-----+-----+-----+-----+-----+-----+-----+-----+
| 12  | 38  | 57  | 66  | 97  | 116 | 125 | 143 | 161 | 184 |
+-----+-----+-----+-----+-----+-----+-----+-----+-----+-----+
| 19  | 37  | 56  | 68  | 100 | 106 | 134 | 158 | 162 | 185 |
+-----+-----+-----+-----+-----+-----+-----+-----+-----+-----+
| 11  | 36  | 48  | 62  | 94  | 108 | 127 | 145 | 174 | 197 |
+-----+-----+-----+-----+-----+-----+-----+-----+-----+-----+
| 18  | 40  | 59  | 77  | 84  | 107 | 136 | 146 | 179 | 192 |
+-----+-----+-----+-----+-----+-----+-----+-----+-----+-----+
|  9  | 21  | 50  | 80  | 87  | 115 | 139 | 159 | 168 | 193 |
+-----+-----+-----+-----+-----+-----+-----+-----+-----+-----+

