Card #0
   B     I     N     G     O     D     A     R     L     Y     Z   
+-----+-----+-----+-----+-----+-----+-----+-----+-----+-----+-----+
| 16  | 28  | 56  | 70  | 102 | 116 | 143 | 157 | 178 | 215 | 231 |
+-----+-----+-----+-----+-----+-----+-----+-----+-----+-----+-----+
| 14  | 39  | 62  | 82  | 94  | 117 | 153 | 170 | 177 | 206 | 228 |
+-----+-----+-----+-----+-----+-----+-----+-----+-----+-----+-----+
| 21  | 30  | 64  | 83  | 89  | 124 | 145 | 162 | 192 | 199 | 221 |
+-----+-----+-----+-----+-----+-----+-----+-----+-----+-----+-----+
|  1  | 24  | 51  | 74  | 100 | 131 | 146 | 159 | 196 | 208 | 236 |
+-----+-----+-----+-----+-----+-----+-----+-----+-----+-----+-----+
| 20  | 41  | 57  | 85  | 99  | 122 | 134 | 174 | 185 | 220 | 226 |
+-----+-----+-----+-----+-----+-----+-----+-----+-----+-----+-----+
| 13  | 38  | 53  | 78  | 91  |FREE!| 137 | 171 | 189 | 201 | 238 |
+-----+-----+-----+-----+-----+-----+-----+-----+-----+-----+-----+
|  7  | 25  | 54  | 84  | 97  | 119 | 144 | 172 | 180 | 217 | 235 |
+-----+-----+-----+-----+-----+-----+-----+-----+-----+-----+-----+
| 15  | 37  | 50  | 69  | 104 | 120 | 148 | 161 | 193 | 214 | 225 |
+-----+-----+-----+-----+-----+-----+-----+-----+-----+-----+-----+
|  5  | 29  | 58  | 77  | 103 | 126 | 141 | 167 | 184 | 205 | 241 |
+-----+-----+-----+-----+-----+-----+-----+-----+-----+-----+-----+
|  6  | 42  | 66  | 86  | 96  | 129 | 149 | 175 | 191 | 219 | 239 |
+-----+-----+-----+-----+-----+-----+-----+-----+-----+-----+-----+
|  8  | 36  | 61  | 81  | 106 | 112 | 136 | 169 | 194 | 207 | 237 |
+-----+-----+-----+-----+-----+-----+-----+-----+-----+-----+-----+

Card #1
   B     I     N     G     O     D     A     R     L     Y     Z   
+-----+-----+-----+-----+-----+-----+-----+-----+-----+-----+-----+
|  5  | 44  | 62  | 76  | 99  | 130 | 149 | 175 | 189 | 217 | 237 |
+-----+-----+-----+-----+-----+-----+-----+-----+-----+-----+-----+
|  3  | 23  | 57  | 69  | 100 | 126 | 139 | 167 | 188 | 215 | 224 |
+-----+-----+-----+-----+-----+-----+-----+-----+-----+-----+-----+
| 21  | 37  | 65  | 78  | 106 | 124 | 142 | 166 | 184 | 220 | 233 |
+-----+-----+-----+-----+-----+-----+-----+-----+-----+-----+-----+
| 18  | 40  | 59  | 77  | 101 | 127 | 152 | 171 | 190 | 204 | 232 |
+-----+-----+-----+-----+-----+-----+-----+-----+-----+-----+-----+
| 22  | 36  | 58  | 88  | 90  | 111 | 137 | 168 | 195 | 216 | 228 |
+-----+-----+-----+-----+-----+-----+-----+-----+-----+-----+-----+
| 16  | 24  | 52  | 68  | 102 |FREE!| 135 | 163 | 198 | 201 | 234 |
+-----+-----+-----+-----+-----+-----+-----+-----+-----+-----+-----+
| 15  | 39  | 55  | 72  | 93  | 117 | 138 | 170 | 177 | 211 | 239 |
+-----+-----+-----+-----+-----+-----+-----+-----+-----+-----+-----+
|  1  | 27  | 61  | 70  | 110 | 119 | 146 | 164 | 181 | 219 | 226 |
+-----+-----+-----+-----+-----+-----+-----+-----+-----+-----+-----+
| 14  | 29  | 56  | 73  | 97  | 122 | 141 | 158 | 186 | 203 | 221 |
+-----+-----+-----+-----+-----+-----+-----+-----+-----+-----+-----+
| 12  | 28  | 64  | 79  | 95  | 123 | 143 | 155 | 182 | 214 | 235 |
+-----+-----+-----+-----+-----+-----+-----+-----+-----+-----+-----+
|  7  | 26  | 47  | 75  | 89  | 131 | 136 | 160 | 197 | 207 | 240 |
+-----+-----+-----+-----+-----+-----+-----+-----+-----+-----+-----+

Card #2
   B     I     N     G     O     D     A     R     L     Y     Z   
+-----+-----+-----+-----+-----+-----+-----+-----+-----+-----+-----+
|  3  | 30  | 47  | 80  | 94  | 117 | 150 | 173 | 186 | 215 | 223 |
+-----+-----+-----+-----+-----+-----+-----+-----+-----+-----+-----+
| 21  | 32  | 60  | 73  | 89  | 119 | 135 | 161 | 194 | 210 | 224 |
+-----+-----+-----+-----+-----+-----+-----+-----+-----+-----+-----+
|  6  | 28  | 55  | 83  | 102 | 115 | 145 | 170 | 196 | 204 | 231 |
+-----+-----+-----+-----+-----+-----+-----+-----+-----+-----+-----+
|  8  | 24  | 66  | 75  | 92  | 121 | 142 | 172 | 179 | 218 | 227 |
+-----+-----+-----+-----+-----+-----+-----+-----+-----+-----+-----+
| 16  | 37  | 51  | 78  | 100 | 114 | 147 | 156 | 195 | 205 | 242 |
+-----+-----+-----+-----+-----+-----+-----+-----+-----+-----+-----+
|  4  | 41  | 63  | 72  | 104 |FREE!| 148 | 175 | 193 | 214 | 232 |
+-----+-----+-----+-----+-----+-----+-----+-----+-----+-----+-----+
| 11  | 31  | 45  | 85  | 95  | 122 | 149 | 162 | 198 | 220 | 229 |
+-----+-----+-----+-----+-----+-----+-----+-----+-----+-----+-----+
| 10  | 33  | 52  | 76  | 108 | 132 | 154 | 158 | 184 | 213 | 225 |
+-----+-----+-----+-----+-----+-----+-----+-----+-----+-----+-----+
| 13  | 39  | 61  | 71  | 109 | 120 | 141 | 174 | 197 | 219 | 237 |
+-----+-----+-----+-----+-----+-----+-----+-----+-----+-----+-----+
| 19  | 29  | 50  | 87  | 93  | 126 | 151 | 166 | 177 | 209 | 221 |
+-----+-----+-----+-----+-----+-----+-----+-----+-----+-----+-----+
| 18  | 34  | 48  | 81  | 98  | 130 | 136 | 169 | 182 | 212 | 226 |
+-----+-----+-----+-----+-----+-----+-----+-----+-----+-----+-----+

