Card #0
   B     I     N     G     O     D     A     R     L     Y     Z     E   
+-----+-----+-----+-----+-----+-----+-----+-----+-----+-----+-----+-----+
| 16  | 29  | 59  | 93  | 102 | 130 | 151 | 176 | 200 | 225 | 255 | 279 |
+-----+-----+-----+-----+-----+-----+-----+-----+-----+-----+-----+-----+
| 17  | 48  | 52  | 89  | 113 | 126 | 152 | 186 | 214 | 229 | 242 | 278 |
+-----+-----+-----+-----+-----+-----+-----+-----+-----+-----+-----+-----+
| 22  | 39  | 57  | 88  | 111 | 144 | 156 | 173 | 197 | 218 | 259 | 274 |
+-----+-----+-----+-----+-----+-----+-----+-----+-----+-----+-----+-----+
| 24  | 36  | 53  | 80  | 105 | 141 | 165 | 188 | 196 | 220 | 261 | 265 |
+-----+-----+-----+-----+-----+-----+-----+-----+-----+-----+-----+-----+
|  7  | 47  | 69  | 90  | 107 | 125 | 161 | 192 | 201 | 227 | 254 | 285 |
+-----+-----+-----+-----+-----+-----+-----+-----+-----+-----+-----+-----+
|  3  | 33  | 55  | 84  | 106 | 132 | 160 | 169 | 204 | 235 | 250 | 267 |
+-----+-----+-----+-----+-----+-----+-----+-----+-----+-----+-----+-----+
| 11  | 37  | 63  | 87  | 104 | 127 | 147 | 171 | 210 | 230 | 247 | 280 |
+-----+-----+-----+-----+-----+-----+-----+-----+-----+-----+-----+-----+
| 14  | 31  | 66  | 83  | 116 | 139 | 155 | 178 | 216 | 234 | 244 | 271 |
+-----+-----+-----+-----+-----+-----+-----+-----+-----+-----+-----+-----+
| 23  | 34  | 49  | 81  | 110 | 135 | 153 | 182 | 194 | 224 | 249 | 284 |
+-----+-----+-----+-----+-----+-----+-----+-----+-----+-----+-----+-----+
|  5  | 26  | 64  | 73  | 117 | 124 | 146 | 175 | 215 | 240 | 241 | 272 |
+-----+-----+-----+-----+-----+-----+-----+-----+-----+-----+-----+-----+
|  9  | 44  | 60  | 79  | 108 | 134 | 159 | 172 | 211 | 228 | 264 | 287 |
+-----+-----+-----+-----+-----+-----+-----+-----+-----+-----+-----+-----+
| 15  | 43  | 65  | 96  | 100 | 133 | 154 | 174 | 199 | 237 | 245 | 286 |
+-----+-----+-----+-----+-----+-----+-----+-----+-----+-----+-----+-----+

Card #1
   B     I     N     G     O     D     A     R     L     Y     Z     E   
+-----+-----+-----+-----+-----+-----+-----+-----+-----+-----+-----+-----+
|  2  | 48  | 57  | 74  | 118 | 129 | 148 | 180 | 216 | 233 | 262 | 286 |
+-----+-----+-----+-----+-----+-----+-----+-----+-----+-----+-----+-----+
| 15  | 41  | 61  | 86  | 113 | 124 | 162 | 172 | 214 | 218 | 259 | 276 |
+-----+-----+-----+-----+-----+-----+-----+-----+-----+-----+-----+-----+
| 21  | 44  | 58  | 80  | 100 | 122 | 149 | 185 | 209 | 230 | 258 | 277 |
+-----+-----+-----+-----+-----+-----+-----+-----+-----+-----+-----+-----+
| 16  | 40  | 63  | 92  | 108 | 139 | 146 | 192 | 211 | 220 | 251 | 280 |
+-----+-----+-----+-----+-----+-----+-----+-----+-----+-----+-----+-----+
|  5  | 31  | 68  | 75  | 103 | 132 | 168 | 175 | 206 | 224 | 255 | 266 |
+-----+-----+-----+-----+-----+-----+-----+-----+-----+-----+-----+-----+
|  1  | 38  | 70  | 79  | 105 | 125 | 150 | 181 | 208 | 236 | 252 | 278 |
+-----+-----+-----+-----+-----+-----+-----+-----+-----+-----+-----+-----+
| 24  | 36  | 64  | 87  | 104 | 137 | 152 | 176 | 207 | 229 | 246 | 271 |
+-----+-----+-----+-----+-----+-----+-----+-----+-----+-----+-----+-----+
|  6  | 33  | 69  | 78  | 115 | 135 | 165 | 190 | 205 | 226 | 241 | 273 |
+-----+-----+-----+-----+-----+-----+-----+-----+-----+-----+-----+-----+
| 22  | 29  | 66  | 90  | 119 | 138 | 164 | 169 | 199 | 238 | 248 | 285 |
+-----+-----+-----+-----+-----+-----+-----+-----+-----+-----+-----+-----+
| 20  | 35  | 50  | 76  | 97  | 126 | 159 | 173 | 193 | 217 | 261 | 279 |
+-----+-----+-----+-----+-----+-----+-----+-----+-----+-----+-----+-----+
| 10  | 28  | 52  | 94  | 114 | 134 | 155 | 189 | 213 | 223 | 257 | 272 |
+-----+-----+-----+-----+-----+-----+-----+-----+-----+-----+-----+-----+
|  7  | 42  | 55  | 96  | 116 | 130 | 151 | 188 | 204 | 228 | 263 | 281 |
+-----+-----+-----+-----+-----+-----+-----+-----+-----+-----+-----+-----+

Card #2
   B     I     N     G     O     D     A     R     L     Y     Z     E   
+-----+-----+-----+-----+-----+-----+-----+-----+-----+-----+-----+-----+
| 18  | 38  | 54  | 88  | 97  | 129 | 148 | 192 | 201 | 231 | 246 | 284 |
+-----+-----+-----+-----+-----+-----+-----+-----+-----+-----+-----+-----+
| 16  | 43  | 50  | 84  | 105 | 130 | 156 | 179 | 204 | 224 | 261 | 281 |
+-----+-----+-----+-----+-----+-----+-----+-----+-----+-----+-----+-----+
|  7  | 31  | 69  | 80  | 118 | 126 | 158 | 170 | 196 | 227 | 244 | 268 |
+-----+-----+-----+-----+-----+-----+-----+-----+-----+-----+-----+-----+
|  5  | 46  | 61  | 83  | 106 | 139 | 147 | 173 | 206 | 222 | 248 | 270 |
+-----+-----+-----+-----+-----+-----+-----+-----+-----+-----+-----+-----+
| 22  | 47  | 66  | 96  | 100 | 137 | 167 | 169 | 212 | 235 | 259 | 271 |
+-----+-----+-----+-----+-----+-----+-----+-----+-----+-----+-----+-----+
|  8  | 37  | 49  | 81  | 109 | 127 | 154 | 175 | 200 | 228 | 254 | 275 |
+-----+-----+-----+-----+-----+-----+-----+-----+-----+-----+-----+-----+
| 10  | 25  | 56  | 95  | 99  | 140 | 162 | 182 | 198 | 217 | 256 | 286 |
+-----+-----+-----+-----+-----+-----+-----+-----+-----+-----+-----+-----+
|  4  | 42  | 68  | 94  | 98  | 142 | 163 | 185 | 195 | 239 | 263 | 280 |
+-----+-----+-----+-----+-----+-----+-----+-----+-----+-----+-----+-----+
| 13  | 33  | 52  | 86  | 116 | 124 | 146 | 181 | 203 | 226 | 245 | 272 |
+-----+-----+-----+-----+-----+-----+-----+-----+-----+-----+-----+-----+
| 14  | 35  | 64  | 79  | 120 | 125 | 165 | 180 | 213 | 218 | 241 | 288 |
+-----+-----+-----+-----+-----+-----+-----+-----+-----+-----+-----+-----+
| 11  | 39  | 62  | 93  | 111 | 121 | 164 | 176 | 194 | 230 | 258 | 282 |
+-----+-----+-----+-----+-----+-----+-----+-----+-----+-----+-----+-----+
|  1  | 41  | 72  | 85  | 101 | 131 | 155 | 177 | 205 | 220 | 249 | 283 |
+-----+-----+-----+-----+-----+-----+-----+-----+-----+-----+-----+-----+

