Card #0
   B     I     N     G     O     D     A     R     L     Y     Z     E     M   
+-----+-----+-----+-----+-----+-----+-----+-----+-----+-----+-----+-----+-----+
|  8  | 27  | 69  | 99  | 111 | 137 | 162 | 203 | 215 | 241 | 286 | 300 | 315 |
+-----+-----+-----+-----+-----+-----+-----+-----+-----+-----+-----+-----+-----+
|  2  | 49  | 64  | 79  | 105 | 134 | 176 | 204 | 212 | 251 | 284 | 287 | 334 |
+-----+-----+-----+-----+-----+-----+-----+-----+-----+-----+-----+-----+-----+
|  7  | 35  | 68  | 85  | 108 | 133 | 169 | 187 | 224 | 240 | 285 | 294 | 337 |
+-----+-----+-----+-----+-----+-----+-----+-----+-----+-----+-----+-----+-----+
| 14  | 46  | 77  | 97  | 119 | 146 | 160 | 184 | 214 | 235 | 265 | 297 | 330 |
+-----+-----+-----+-----+-----+-----+-----+-----+-----+-----+-----+-----+-----+
| 25  | 28  | 71  | 84  | 113 | 135 | 182 | 200 | 210 | 243 | 281 | 306 | 332 |
+-----+-----+-----+-----+-----+-----+-----+-----+-----+-----+-----+-----+-----+
| 18  | 47  | 54  | 82  | 127 | 144 | 170 | 195 | 227 | 246 | 263 | 307 | 323 |
+-----+-----+-----+-----+-----+-----+-----+-----+-----+-----+-----+-----+-----+
| 10  | 38  | 55  | 98  | 128 | 142 |FREE!| 198 | 219 | 250 | 275 | 292 | 329 |
+-----+-----+-----+-----+-----+-----+-----+-----+-----+-----+-----+-----+-----+
| 13  | 37  | 75  | 100 | 123 | 131 | 166 | 188 | 225 | 244 | 272 | 311 | 338 |
+-----+-----+-----+-----+-----+-----+-----+-----+-----+-----+-----+-----+-----+
| 20  | 45  | 66  | 93  | 124 | 147 | 164 | 194 | 230 | 249 | 283 | 289 | 319 |
+-----+-----+-----+-----+-----+-----+-----+-----+-----+-----+-----+-----+-----+
| 26  | 48  | 73  | 81  | 114 | 145 | 175 | 208 | 209 | 253 | 280 | 298 | 326 |
+-----+-----+-----+-----+-----+-----+-----+-----+-----+-----+-----+-----+-----+
|  9  | 34  | 57  | 94  | 110 | 138 | 181 | 189 | 233 | 238 | 261 | 305 | 327 |
+-----+-----+-----+-----+-----+-----+-----+-----+-----+-----+-----+-----+-----+
| 17  | 40  | 53  | 83  | 112 | 141 | 171 | 206 | 218 | 258 | 267 | 312 | 335 |
+-----+-----+-----+-----+-----+-----+-----+-----+-----+-----+-----+-----+-----+
|  4  | 44  | 70  | 96  | 118 | 132 | 178 | 193 | 221 | 259 | 271 | 308 | 324 |
+-----+-----+-----+-----+-----+-----+-----+-----+-----+-----+-----+-----+-----+

Card #1
   B     I     N     G     O     D     A     R     L     Y     Z     E     M   
+-----+-----+-----+-----+-----+-----+-----+-----+-----+-----+-----+-----+-----+
| 11  | 34  | 55  | 94  | 119 | 143 | 174 | 207 | 220 | 236 | 268 | 307 | 324 |
+-----+-----+-----+-----+-----+-----+-----+-----+-----+-----+-----+-----+-----+
| 21  | 46  | 73  | 102 | 127 | 131 | 157 | 185 | 233 | 238 | 276 | 301 | 315 |
+-----+-----+-----+-----+-----+-----+-----+-----+-----+-----+-----+-----+-----+
| 17  | 50  | 69  | 101 | 111 | 141 | 178 | 190 | 218 | 242 | 278 | 298 | 334 |
+-----+-----+-----+-----+-----+-----+-----+-----+-----+-----+-----+-----+-----+
| 12  | 48  | 76  | 84  | 108 | 149 | 163 | 206 | 221 | 253 | 262 | 290 | 331 |
+-----+-----+-----+-----+-----+-----+-----+-----+-----+-----+-----+-----+-----+
| 10  | 29  | 74  | 103 | 123 | 135 | 169 | 198 | 213 | 250 | 274 | 292 | 335 |
+-----+-----+-----+-----+-----+-----+-----+-----+-----+-----+-----+-----+-----+
| 25  | 44  | 57  | 98  | 109 | 140 | 179 | 197 | 232 | 237 | 267 | 291 | 321 |
+-----+-----+-----+-----+-----+-----+-----+-----+-----+-----+-----+-----+-----+
| 13  | 30  | 56  | 87  | 106 | 155 |FREE!| 187 | 214 | 259 | 277 | 302 | 316 |
+-----+-----+-----+-----+-----+-----+-----+-----+-----+-----+-----+-----+-----+
| 19  | 45  | 64  | 88  | 129 | 139 | 162 | 192 | 230 | 249 | 263 | 304 | 332 |
+-----+-----+-----+-----+-----+-----+-----+-----+-----+-----+-----+-----+-----+
| 15  | 40  | 62  | 97  | 112 | 152 | 168 | 196 | 234 | 258 | 284 | 293 | 318 |
+-----+-----+-----+-----+-----+-----+-----+-----+-----+-----+-----+-----+-----+
|  8  | 35  | 58  | 91  | 114 | 146 | 159 | 200 | 211 | 255 | 285 | 296 | 317 |
+-----+-----+-----+-----+-----+-----+-----+-----+-----+-----+-----+-----+-----+
| 26  | 41  | 72  | 83  | 118 | 132 | 176 | 188 | 209 | 241 | 283 | 305 | 326 |
+-----+-----+-----+-----+-----+-----+-----+-----+-----+-----+-----+-----+-----+
|  3  | 52  | 78  | 89  | 122 | 156 | 170 | 204 | 227 | 246 | 271 | 310 | 329 |
+-----+-----+-----+-----+-----+-----+-----+-----+-----+-----+-----+-----+-----+
|  7  | 43  | 66  | 100 | 125 | 137 | 164 | 186 | 216 | 251 | 270 | 297 | 338 |
+-----+-----+-----+-----+-----+-----+-----+-----+-----+-----+-----+-----+-----+

Card #2
   B     I     N     G     O     D     A     R     L     Y     Z     E     M   
+-----+-----+-----+-----+-----+-----+-----+-----+-----+-----+-----+-----+-----+
| 20  | 36  | 62  | 93  | 115 | 131 | 170 | 194 | 217 | 245 | 277 | 288 | 334 |
+-----+-----+-----+-----+-----+-----+-----+-----+-----+-----+-----+-----+-----+
| 23  | 28  | 71  | 92  | 123 | 148 | 169 | 206 | 223 | 255 | 263 | 299 | 320 |
+-----+-----+-----+-----+-----+-----+-----+-----+-----+-----+-----+-----+-----+
|  7  | 32  | 72  | 97  | 105 | 146 | 175 | 185 | 214 | 253 | 274 | 303 | 335 |
+-----+-----+-----+-----+-----+-----+-----+-----+-----+-----+-----+-----+-----+
| 18  | 39  | 58  | 85  | 128 | 144 | 173 | 198 | 231 | 248 | 275 | 306 | 318 |
+-----+-----+-----+-----+-----+-----+-----+-----+-----+-----+-----+-----+-----+
| 11  | 45  | 75  | 102 | 129 | 156 | 178 | 190 | 225 | 238 | 265 | 309 | 324 |
+-----+-----+-----+-----+-----+-----+-----+-----+-----+-----+-----+-----+-----+
|  8  | 48  | 57  | 90  | 114 | 133 | 180 | 207 | 211 | 258 | 268 | 305 | 313 |
+-----+-----+-----+-----+-----+-----+-----+-----+-----+-----+-----+-----+-----+
|  2  | 52  | 54  | 94  | 121 | 142 |FREE!| 201 | 232 | 256 | 281 | 312 | 329 |
+-----+-----+-----+-----+-----+-----+-----+-----+-----+-----+-----+-----+-----+
| 12  | 40  | 74  | 96  | 122 | 141 | 168 | 202 | 224 | 246 | 276 | 296 | 331 |
+-----+-----+-----+-----+-----+-----+-----+-----+-----+-----+-----+-----+-----+
| 22  | 51  | 70  | 104 | 124 | 136 | 158 | 203 | 212 | 252 | 261 | 302 | 317 |
+-----+-----+-----+-----+-----+-----+-----+-----+-----+-----+-----+-----+-----+
| 19  | 37  | 63  | 82  | 120 | 149 | 162 | 200 | 209 | 259 | 269 | 297 | 323 |
+-----+-----+-----+-----+-----+-----+-----+-----+-----+-----+-----+-----+-----+
| 16  | 49  | 69  | 81  | 130 | 154 | 176 | 196 | 234 | 235 | 267 | 294 | 327 |
+-----+-----+-----+-----+-----+-----+-----+-----+-----+-----+-----+-----+-----+
| 13  | 47  | 56  | 95  | 110 | 138 | 181 | 189 | 213 | 239 | 280 | 311 | 338 |
+-----+-----+-----+-----+-----+-----+-----+-----+-----+-----+-----+-----+-----+
|  6  | 27  | 53  | 89  | 111 | 135 | 166 | 195 | 226 | 243 | 279 | 310 | 326 |
+-----+-----+-----+-----+-----+-----+-----+-----+-----+-----+-----+-----+-----+

