Card #0
   B     I     N     G     O     D     A     R     L     Y     Z     E     M     P   
+-----+-----+-----+-----+-----+-----+-----+-----+-----+-----+-----+-----+-----+-----+
| 11  | 49  | 59  | 105 | 139 | 147 | 194 | 211 | 242 | 272 | 290 | 312 | 344 | 380 |
+-----+-----+-----+-----+-----+-----+-----+-----+-----+-----+-----+-----+-----+-----+
| 17  | 48  | 80  | 103 | 129 | 165 | 192 | 208 | 248 | 279 | 301 | 318 | 351 | 389 |
+-----+-----+-----+-----+-----+-----+-----+-----+-----+-----+-----+-----+-----+-----+
|  2  | 38  | 79  | 100 | 117 | 166 | 176 | 221 | 247 | 275 | 298 | 322 | 338 | 368 |
+-----+-----+-----+-----+-----+-----+-----+-----+-----+-----+-----+-----+-----+-----+
| 28  | 29  | 57  | 97  | 127 | 164 | 196 | 224 | 238 | 257 | 286 | 311 | 340 | 372 |
+-----+-----+-----+-----+-----+-----+-----+-----+-----+-----+-----+-----+-----+-----+
|  6  | 55  | 58  | 86  | 128 | 150 | 189 | 207 | 227 | 264 | 306 | 327 | 346 | 366 |
+-----+-----+-----+-----+-----+-----+-----+-----+-----+-----+-----+-----+-----+-----+
| 18  | 39  | 72  | 93  | 121 | 162 | 174 | 213 | 229 | 259 | 282 | 330 | 358 | 374 |
+-----+-----+-----+-----+-----+-----+-----+-----+-----+-----+-----+-----+-----+-----+
| 20  | 44  | 61  | 110 | 135 | 145 | 182 | 218 | 228 | 254 | 296 | 309 | 342 | 384 |
+-----+-----+-----+-----+-----+-----+-----+-----+-----+-----+-----+-----+-----+-----+
| 23  | 54  | 83  | 87  | 113 | 155 | 190 | 197 | 244 | 268 | 297 | 317 | 348 | 365 |
+-----+-----+-----+-----+-----+-----+-----+-----+-----+-----+-----+-----+-----+-----+
| 26  | 40  | 69  | 91  | 131 | 158 | 184 | 205 | 252 | 277 | 283 | 321 | 361 | 390 |
+-----+-----+-----+-----+-----+-----+-----+-----+-----+-----+-----+-----+-----+-----+
|  9  | 46  | 67  | 107 | 134 | 157 | 181 | 210 | 226 | 258 | 308 | 324 | 339 | 383 |
+-----+-----+-----+-----+-----+-----+-----+-----+-----+-----+-----+-----+-----+-----+
|  3  | 56  | 76  | 92  | 130 | 149 | 178 | 223 | 235 | 274 | 292 | 316 | 359 | 375 |
+-----+-----+-----+-----+-----+-----+-----+-----+-----+-----+-----+-----+-----+-----+
|  8  | 36  | 73  | 98  | 140 | 152 | 172 | 214 | 246 | 260 | 295 | 335 | 353 | 378 |
+-----+-----+-----+-----+-----+-----+-----+-----+-----+-----+-----+-----+-----+-----+
| 14  | 30  | 75  | 88  | 116 | 154 | 180 | 198 | 225 | 255 | 307 | 336 | 355 | 385 |
+-----+-----+-----+-----+-----+-----+-----+-----+-----+-----+-----+-----+-----+-----+
|  5  | 52  | 62  | 112 | 133 | 159 | 185 | 217 | 234 | 261 | 287 | 334 | 341 | 377 |
+-----+-----+-----+-----+-----+-----+-----+-----+-----+-----+-----+-----+-----+-----+

Card #1
   B     I     N     G     O     D     A     R     L     Y     Z     E     M     P   
+-----+-----+-----+-----+-----+-----+-----+-----+-----+-----+-----+-----+-----+-----+
|  3  | 55  | 82  | 88  | 114 | 148 | 171 | 217 | 245 | 279 | 287 | 333 | 349 | 369 |
+-----+-----+-----+-----+-----+-----+-----+-----+-----+-----+-----+-----+-----+-----+
|  2  | 35  | 78  | 111 | 130 | 163 | 196 | 213 | 247 | 269 | 296 | 316 | 346 | 373 |
+-----+-----+-----+-----+-----+-----+-----+-----+-----+-----+-----+-----+-----+-----+
| 23  | 47  | 61  | 89  | 139 | 149 | 192 | 210 | 252 | 277 | 305 | 325 | 359 | 367 |
+-----+-----+-----+-----+-----+-----+-----+-----+-----+-----+-----+-----+-----+-----+
| 20  | 45  | 72  | 107 | 133 | 159 | 170 | 197 | 249 | 262 | 293 | 313 | 342 | 386 |
+-----+-----+-----+-----+-----+-----+-----+-----+-----+-----+-----+-----+-----+-----+
| 24  | 40  | 65  | 85  | 138 | 157 | 179 | 201 | 226 | 274 | 297 | 317 | 347 | 383 |
+-----+-----+-----+-----+-----+-----+-----+-----+-----+-----+-----+-----+-----+-----+
| 16  | 53  | 79  | 95  | 129 | 155 | 181 | 215 | 250 | 254 | 301 | 319 | 358 | 376 |
+-----+-----+-----+-----+-----+-----+-----+-----+-----+-----+-----+-----+-----+-----+
| 14  | 31  | 68  | 94  | 125 | 145 | 180 | 216 | 246 | 268 | 307 | 318 | 341 | 384 |
+-----+-----+-----+-----+-----+-----+-----+-----+-----+-----+-----+-----+-----+-----+
| 10  | 39  | 84  | 98  | 137 | 147 | 173 | 202 | 229 | 261 | 295 | 327 | 360 | 378 |
+-----+-----+-----+-----+-----+-----+-----+-----+-----+-----+-----+-----+-----+-----+
|  1  | 48  | 66  | 99  | 135 | 164 | 184 | 223 | 241 | 263 | 281 | 326 | 356 | 375 |
+-----+-----+-----+-----+-----+-----+-----+-----+-----+-----+-----+-----+-----+-----+
| 11  | 36  | 60  | 112 | 128 | 161 | 174 | 222 | 236 | 272 | 294 | 315 | 337 | 380 |
+-----+-----+-----+-----+-----+-----+-----+-----+-----+-----+-----+-----+-----+-----+
|  7  | 32  | 74  | 104 | 115 | 151 | 191 | 205 | 239 | 260 | 282 | 332 | 355 | 371 |
+-----+-----+-----+-----+-----+-----+-----+-----+-----+-----+-----+-----+-----+-----+
| 13  | 41  | 80  | 92  | 122 | 156 | 176 | 212 | 234 | 257 | 303 | 309 | 357 | 389 |
+-----+-----+-----+-----+-----+-----+-----+-----+-----+-----+-----+-----+-----+-----+
|  5  | 43  | 58  | 105 | 124 | 168 | 186 | 219 | 232 | 273 | 302 | 321 | 354 | 385 |
+-----+-----+-----+-----+-----+-----+-----+-----+-----+-----+-----+-----+-----+-----+
| 15  | 50  | 76  | 100 | 136 | 141 | 193 | 218 | 248 | 265 | 291 | 322 | 340 | 391 |
+-----+-----+-----+-----+-----+-----+-----+-----+-----+-----+-----+-----+-----+-----+

Card #2
   B     I     N     G     O     D     A     R     L     Y     Z     E     M     P   
+-----+-----+-----+-----+-----+-----+-----+-----+-----+-----+-----+-----+-----+-----+
| 12  | 45  | 58  | 92  | 129 | 157 | 196 | 197 | 244 | 274 | 289 | 324 | 358 | 368 |
+-----+-----+-----+-----+-----+-----+-----+-----+-----+-----+-----+-----+-----+-----+
|  6  | 34  | 72  | 111 | 113 | 167 | 170 | 211 | 226 | 266 | 286 | 331 | 359 | 378 |
+-----+-----+-----+-----+-----+-----+-----+-----+-----+-----+-----+-----+-----+-----+
| 16  | 42  | 80  | 112 | 134 | 161 | 180 | 209 | 233 | 264 | 305 | 311 | 345 | 380 |
+-----+-----+-----+-----+-----+-----+-----+-----+-----+-----+-----+-----+-----+-----+
| 14  | 54  | 83  | 101 | 115 | 155 | 192 | 222 | 243 | 277 | 308 | 315 | 337 | 392 |
+-----+-----+-----+-----+-----+-----+-----+-----+-----+-----+-----+-----+-----+-----+
| 19  | 32  | 59  | 103 | 126 | 144 | 176 | 199 | 242 | 257 | 291 | 316 | 361 | 381 |
+-----+-----+-----+-----+-----+-----+-----+-----+-----+-----+-----+-----+-----+-----+
| 18  | 33  | 82  | 102 | 125 | 164 | 169 | 204 | 239 | 267 | 292 | 320 | 354 | 389 |
+-----+-----+-----+-----+-----+-----+-----+-----+-----+-----+-----+-----+-----+-----+
|  7  | 46  | 77  | 96  | 139 | 150 | 178 | 217 | 250 | 261 | 281 | 328 | 360 | 377 |
+-----+-----+-----+-----+-----+-----+-----+-----+-----+-----+-----+-----+-----+-----+
| 11  | 39  | 57  | 87  | 124 | 160 | 190 | 205 | 251 | 276 | 304 | 336 | 338 | 384 |
+-----+-----+-----+-----+-----+-----+-----+-----+-----+-----+-----+-----+-----+-----+
| 25  | 31  | 69  | 108 | 120 | 148 | 191 | 219 | 230 | 272 | 283 | 321 | 343 | 365 |
+-----+-----+-----+-----+-----+-----+-----+-----+-----+-----+-----+-----+-----+-----+
| 23  | 36  | 79  | 94  | 119 | 146 | 181 | 208 | 229 | 271 | 294 | 335 | 349 | 370 |
+-----+-----+-----+-----+-----+-----+-----+-----+-----+-----+-----+-----+-----+-----+
| 20  | 44  | 73  | 85  | 118 | 159 | 195 | 210 | 228 | 262 | 296 | 323 | 364 | 386 |
+-----+-----+-----+-----+-----+-----+-----+-----+-----+-----+-----+-----+-----+-----+
| 15  | 37  | 76  | 98  | 131 | 153 | 172 | 212 | 238 | 260 | 287 | 314 | 353 | 373 |
+-----+-----+-----+-----+-----+-----+-----+-----+-----+-----+-----+-----+-----+-----+
|  8  | 51  | 74  | 104 | 138 | 158 | 194 | 213 | 246 | 278 | 285 | 309 | 357 | 375 |
+-----+-----+-----+-----+-----+-----+-----+-----+-----+-----+-----+-----+-----+-----+
|  4  | 38  | 65  | 110 | 123 | 168 | 184 | 220 | 252 | 268 | 290 | 327 | 351 | 383 |
+-----+-----+-----+-----+-----+-----+-----+-----+-----+-----+-----+-----+-----+-----+

