Card #0
   B     I     N     G     O     D     A     R     L     Y     Z     E     M     P     U   
+-----+-----+-----+-----+-----+-----+-----+-----+-----+-----+-----+-----+-----+-----+-----+
| 25  | 33  | 65  | 96  | 131 | 160 | 208 | 211 | 244 | 279 | 301 | 340 | 378 | 398 | 431 |
+-----+-----+-----+-----+-----+-----+-----+-----+-----+-----+-----+-----+-----+-----+-----+
| 11  | 32  | 84  | 120 | 147 | 151 | 190 | 239 | 253 | 272 | 309 | 333 | 379 | 413 | 447 |
+-----+-----+-----+-----+-----+-----+-----+-----+-----+-----+-----+-----+-----+-----+-----+
| 30  | 45  | 69  | 119 | 121 | 155 | 209 | 216 | 245 | 291 | 315 | 360 | 371 | 399 | 430 |
+-----+-----+-----+-----+-----+-----+-----+-----+-----+-----+-----+-----+-----+-----+-----+
| 19  | 36  | 77  | 103 | 149 | 177 | 188 | 232 | 261 | 274 | 303 | 357 | 368 | 402 | 423 |
+-----+-----+-----+-----+-----+-----+-----+-----+-----+-----+-----+-----+-----+-----+-----+
| 29  | 56  | 82  | 102 | 128 | 166 | 200 | 228 | 267 | 285 | 305 | 332 | 369 | 415 | 437 |
+-----+-----+-----+-----+-----+-----+-----+-----+-----+-----+-----+-----+-----+-----+-----+
|  5  | 60  | 64  | 105 | 124 | 153 | 182 | 218 | 248 | 290 | 317 | 359 | 380 | 391 | 422 |
+-----+-----+-----+-----+-----+-----+-----+-----+-----+-----+-----+-----+-----+-----+-----+
| 21  | 52  | 88  | 99  | 122 | 162 | 186 | 212 | 242 | 283 | 316 | 351 | 364 | 412 | 438 |
+-----+-----+-----+-----+-----+-----+-----+-----+-----+-----+-----+-----+-----+-----+-----+
|  8  | 41  | 83  | 97  | 126 | 180 | 183 |FREE!| 252 | 282 | 327 | 347 | 377 | 420 | 439 |
+-----+-----+-----+-----+-----+-----+-----+-----+-----+-----+-----+-----+-----+-----+-----+
| 20  | 50  | 89  | 108 | 123 | 163 | 207 | 227 | 257 | 297 | 323 | 356 | 361 | 406 | 446 |
+-----+-----+-----+-----+-----+-----+-----+-----+-----+-----+-----+-----+-----+-----+-----+
| 23  | 58  | 72  | 118 | 142 | 168 | 204 | 231 | 270 | 281 | 326 | 353 | 362 | 393 | 436 |
+-----+-----+-----+-----+-----+-----+-----+-----+-----+-----+-----+-----+-----+-----+-----+
|  3  | 38  | 70  | 114 | 139 | 178 | 199 | 219 | 258 | 277 | 325 | 354 | 387 | 401 | 448 |
+-----+-----+-----+-----+-----+-----+-----+-----+-----+-----+-----+-----+-----+-----+-----+
| 24  | 53  | 76  | 110 | 138 | 176 | 210 | 233 | 243 | 284 | 311 | 342 | 374 | 405 | 435 |
+-----+-----+-----+-----+-----+-----+-----+-----+-----+-----+-----+-----+-----+-----+-----+
| 15  | 31  | 81  | 109 | 130 | 173 | 206 | 223 | 247 | 300 | 328 | 337 | 381 | 407 | 421 |
+-----+-----+-----+-----+-----+-----+-----+-----+-----+-----+-----+-----+-----+-----+-----+
| 10  | 54  | 86  | 104 | 129 | 154 | 196 | 213 | 256 | 278 | 308 | 343 | 370 | 418 | 450 |
+-----+-----+-----+-----+-----+-----+-----+-----+-----+-----+-----+-----+-----+-----+-----+
| 17  | 37  | 73  | 113 | 134 | 172 | 189 | 235 | 251 | 275 | 330 | 339 | 363 | 397 | 444 |
+-----+-----+-----+-----+-----+-----+-----+-----+-----+-----+-----+-----+-----+-----+-----+

Card #1
   B     I     N     G     O     D     A     R     L     Y     Z     E     M     P     U   
+-----+-----+-----+-----+-----+-----+-----+-----+-----+-----+-----+-----+-----+-----+-----+
| 22  | 53  | 80  | 108 | 134 | 176 | 184 | 230 | 267 | 298 | 312 | 345 | 363 | 403 | 423 |
+-----+-----+-----+-----+-----+-----+-----+-----+-----+-----+-----+-----+-----+-----+-----+
| 14  | 58  | 72  | 97  | 146 | 170 | 197 | 223 | 263 | 287 | 316 | 360 | 384 | 417 | 449 |
+-----+-----+-----+-----+-----+-----+-----+-----+-----+-----+-----+-----+-----+-----+-----+
| 18  | 45  | 89  | 100 | 138 | 166 | 190 | 236 | 258 | 299 | 321 | 359 | 383 | 406 | 441 |
+-----+-----+-----+-----+-----+-----+-----+-----+-----+-----+-----+-----+-----+-----+-----+
| 15  | 60  | 74  | 93  | 145 | 168 | 191 | 218 | 270 | 272 | 307 | 358 | 369 | 415 | 428 |
+-----+-----+-----+-----+-----+-----+-----+-----+-----+-----+-----+-----+-----+-----+-----+
| 17  | 50  | 82  | 110 | 148 | 177 | 199 | 232 | 243 | 284 | 329 | 337 | 370 | 394 | 443 |
+-----+-----+-----+-----+-----+-----+-----+-----+-----+-----+-----+-----+-----+-----+-----+
|  7  | 40  | 70  | 106 | 121 | 169 | 207 | 229 | 247 | 289 | 318 | 334 | 368 | 405 | 432 |
+-----+-----+-----+-----+-----+-----+-----+-----+-----+-----+-----+-----+-----+-----+-----+
| 12  | 54  | 78  | 92  | 129 | 172 | 206 | 233 | 259 | 285 | 303 | 356 | 386 | 408 | 447 |
+-----+-----+-----+-----+-----+-----+-----+-----+-----+-----+-----+-----+-----+-----+-----+
| 20  | 43  | 62  | 101 | 127 | 155 | 192 |FREE!| 261 | 279 | 301 | 346 | 380 | 418 | 425 |
+-----+-----+-----+-----+-----+-----+-----+-----+-----+-----+-----+-----+-----+-----+-----+
|  8  | 48  | 83  | 96  | 147 | 161 | 204 | 237 | 246 | 286 | 305 | 347 | 364 | 409 | 421 |
+-----+-----+-----+-----+-----+-----+-----+-----+-----+-----+-----+-----+-----+-----+-----+
|  6  | 56  | 79  | 117 | 142 | 151 | 200 | 239 | 255 | 296 | 323 | 339 | 375 | 404 | 442 |
+-----+-----+-----+-----+-----+-----+-----+-----+-----+-----+-----+-----+-----+-----+-----+
| 30  | 47  | 61  | 113 | 143 | 159 | 194 | 240 | 250 | 280 | 302 | 355 | 373 | 397 | 430 |
+-----+-----+-----+-----+-----+-----+-----+-----+-----+-----+-----+-----+-----+-----+-----+
| 24  | 59  | 88  | 94  | 141 | 179 | 181 | 224 | 265 | 290 | 324 | 335 | 372 | 419 | 426 |
+-----+-----+-----+-----+-----+-----+-----+-----+-----+-----+-----+-----+-----+-----+-----+
| 10  | 31  | 66  | 116 | 140 | 156 | 208 | 219 | 256 | 283 | 309 | 357 | 367 | 407 | 429 |
+-----+-----+-----+-----+-----+-----+-----+-----+-----+-----+-----+-----+-----+-----+-----+
|  4  | 49  | 75  | 91  | 136 | 164 | 188 | 221 | 252 | 281 | 314 | 342 | 365 | 391 | 436 |
+-----+-----+-----+-----+-----+-----+-----+-----+-----+-----+-----+-----+-----+-----+-----+
| 19  | 55  | 71  | 109 | 137 | 157 | 201 | 211 | 264 | 275 | 322 | 333 | 381 | 416 | 434 |
+-----+-----+-----+-----+-----+-----+-----+-----+-----+-----+-----+-----+-----+-----+-----+

Card #2
   B     I     N     G     O     D     A     R     L     Y     Z     E     M     P     U   
+-----+-----+-----+-----+-----+-----+-----+-----+-----+-----+-----+-----+-----+-----+-----+
| 15  | 49  | 68  | 101 | 127 | 159 | 195 | 238 | 254 | 299 | 318 | 354 | 363 | 410 | 433 |
+-----+-----+-----+-----+-----+-----+-----+-----+-----+-----+-----+-----+-----+-----+-----+
|  9  | 31  | 75  | 99  | 125 | 163 | 182 | 216 | 246 | 296 | 324 | 343 | 366 | 413 | 436 |
+-----+-----+-----+-----+-----+-----+-----+-----+-----+-----+-----+-----+-----+-----+-----+
| 20  | 33  | 64  | 96  | 121 | 162 | 208 | 230 | 250 | 285 | 312 | 353 | 377 | 391 | 423 |
+-----+-----+-----+-----+-----+-----+-----+-----+-----+-----+-----+-----+-----+-----+-----+
|  8  | 40  | 67  | 109 | 135 | 175 | 207 | 236 | 244 | 300 | 302 | 331 | 371 | 399 | 445 |
+-----+-----+-----+-----+-----+-----+-----+-----+-----+-----+-----+-----+-----+-----+-----+
|  5  | 48  | 69  | 106 | 130 | 165 | 203 | 228 | 256 | 281 | 320 | 337 | 372 | 405 | 447 |
+-----+-----+-----+-----+-----+-----+-----+-----+-----+-----+-----+-----+-----+-----+-----+
| 10  | 53  | 77  | 119 | 136 | 177 | 196 | 239 | 264 | 286 | 322 | 346 | 365 | 415 | 421 |
+-----+-----+-----+-----+-----+-----+-----+-----+-----+-----+-----+-----+-----+-----+-----+
| 21  | 37  | 79  | 107 | 145 | 166 | 181 | 211 | 258 | 298 | 327 | 345 | 380 | 403 | 422 |
+-----+-----+-----+-----+-----+-----+-----+-----+-----+-----+-----+-----+-----+-----+-----+
| 28  | 52  | 81  | 111 | 139 | 169 | 187 |FREE!| 263 | 290 | 329 | 348 | 369 | 401 | 443 |
+-----+-----+-----+-----+-----+-----+-----+-----+-----+-----+-----+-----+-----+-----+-----+
|  2  | 54  | 62  | 98  | 132 | 168 | 189 | 221 | 260 | 287 | 330 | 341 | 379 | 414 | 432 |
+-----+-----+-----+-----+-----+-----+-----+-----+-----+-----+-----+-----+-----+-----+-----+
|  1  | 39  | 76  | 115 | 144 | 180 | 184 | 235 | 245 | 277 | 323 | 357 | 384 | 400 | 425 |
+-----+-----+-----+-----+-----+-----+-----+-----+-----+-----+-----+-----+-----+-----+-----+
| 19  | 32  | 61  | 116 | 124 | 176 | 209 | 226 | 247 | 291 | 308 | 360 | 387 | 418 | 444 |
+-----+-----+-----+-----+-----+-----+-----+-----+-----+-----+-----+-----+-----+-----+-----+
| 27  | 47  | 71  | 118 | 133 | 174 | 198 | 223 | 267 | 292 | 306 | 351 | 370 | 396 | 440 |
+-----+-----+-----+-----+-----+-----+-----+-----+-----+-----+-----+-----+-----+-----+-----+
| 12  | 50  | 72  | 97  | 146 | 151 | 199 | 233 | 248 | 294 | 325 | 350 | 367 | 411 | 450 |
+-----+-----+-----+-----+-----+-----+-----+-----+-----+-----+-----+-----+-----+-----+-----+
| 16  | 43  | 90  | 108 | 134 | 161 | 202 | 231 | 242 | 271 | 301 | 344 | 376 | 412 | 449 |
+-----+-----+-----+-----+-----+-----+-----+-----+-----+-----+-----+-----+-----+-----+-----+
| 22  | 38  | 74  | 105 | 137 | 160 | 193 | 214 | 243 | 273 | 319 | 338 | 362 | 408 | 439 |
+-----+-----+-----+-----+-----+-----+-----+-----+-----+-----+-----+-----+-----+-----+-----+

