Card #0
   B     I     N     G     O     D     A     R     L     Y     Z     E     M     P     U     X   
+-----+-----+-----+-----+-----+-----+-----+-----+-----+-----+-----+-----+-----+-----+-----+-----+
|  2  | 33  | 89  | 128 | 139 | 175 | 212 | 226 | 286 | 295 | 347 | 372 | 401 | 422 | 470 | 493 |
+-----+-----+-----+-----+-----+-----+-----+-----+-----+-----+-----+-----+-----+-----+-----+-----+
| 19  | 57  | 76  | 115 | 148 | 167 | 217 | 256 | 259 | 312 | 330 | 381 | 396 | 421 | 473 | 503 |
+-----+-----+-----+-----+-----+-----+-----+-----+-----+-----+-----+-----+-----+-----+-----+-----+
|  4  | 64  | 94  | 113 | 132 | 162 | 195 | 242 | 269 | 293 | 327 | 377 | 399 | 431 | 457 | 498 |
+-----+-----+-----+-----+-----+-----+-----+-----+-----+-----+-----+-----+-----+-----+-----+-----+
|  5  | 48  | 96  | 98  | 135 | 179 | 209 | 239 | 281 | 304 | 329 | 378 | 393 | 444 | 464 | 512 |
+-----+-----+-----+-----+-----+-----+-----+-----+-----+-----+-----+-----+-----+-----+-----+-----+
| 32  | 59  | 73  | 97  | 149 | 163 | 223 | 250 | 264 | 317 | 346 | 366 | 413 | 445 | 476 | 489 |
+-----+-----+-----+-----+-----+-----+-----+-----+-----+-----+-----+-----+-----+-----+-----+-----+
| 14  | 61  | 68  | 102 | 130 | 164 | 193 | 255 | 266 | 294 | 349 | 361 | 398 | 440 | 475 | 507 |
+-----+-----+-----+-----+-----+-----+-----+-----+-----+-----+-----+-----+-----+-----+-----+-----+
|  1  | 62  | 82  | 122 | 160 | 172 | 218 | 249 | 284 | 306 | 335 | 355 | 392 | 433 | 471 | 488 |
+-----+-----+-----+-----+-----+-----+-----+-----+-----+-----+-----+-----+-----+-----+-----+-----+
| 23  | 38  | 93  | 104 | 134 | 184 | 197 | 240 | 270 | 309 | 350 | 369 | 394 | 428 | 463 | 495 |
+-----+-----+-----+-----+-----+-----+-----+-----+-----+-----+-----+-----+-----+-----+-----+-----+
| 24  | 50  | 87  | 99  | 141 | 171 | 201 | 251 | 285 | 289 | 337 | 376 | 407 | 448 | 455 | 494 |
+-----+-----+-----+-----+-----+-----+-----+-----+-----+-----+-----+-----+-----+-----+-----+-----+
| 20  | 47  | 81  | 109 | 146 | 182 | 219 | 229 | 272 | 320 | 321 | 383 | 390 | 439 | 466 | 510 |
+-----+-----+-----+-----+-----+-----+-----+-----+-----+-----+-----+-----+-----+-----+-----+-----+
| 22  | 35  | 75  | 108 | 138 | 166 | 199 | 245 | 288 | 318 | 323 | 371 | 411 | 432 | 468 | 483 |
+-----+-----+-----+-----+-----+-----+-----+-----+-----+-----+-----+-----+-----+-----+-----+-----+
| 15  | 51  | 69  | 112 | 157 | 170 | 220 | 238 | 267 | 296 | 345 | 363 | 409 | 427 | 477 | 501 |
+-----+-----+-----+-----+-----+-----+-----+-----+-----+-----+-----+-----+-----+-----+-----+-----+
| 27  | 39  | 83  | 126 | 131 | 168 | 214 | 252 | 261 | 305 | 348 | 365 | 408 | 441 | 460 | 509 |
+-----+-----+-----+-----+-----+-----+-----+-----+-----+-----+-----+-----+-----+-----+-----+-----+
| 16  | 55  | 91  | 123 | 129 | 173 | 203 | 236 | 287 | 297 | 343 | 359 | 412 | 417 | 479 | 500 |
+-----+-----+-----+-----+-----+-----+-----+-----+-----+-----+-----+-----+-----+-----+-----+-----+
| 13  | 49  | 78  | 125 | 144 | 178 | 206 | 254 | 276 | 313 | 331 | 362 | 387 | 436 | 450 | 490 |
+-----+-----+-----+-----+-----+-----+-----+-----+-----+-----+-----+-----+-----+-----+-----+-----+
|  6  | 56  | 79  | 107 | 154 | 187 | 222 | 237 | 258 | 298 | 333 | 374 | 416 | 426 | 449 | 504 |
+-----+-----+-----+-----+-----+-----+-----+-----+-----+-----+-----+-----+-----+-----+-----+-----+

Card #1
   B     I     N     G     O     D     A     R     L     Y     Z     E     M     P     U     X   
+-----+-----+-----+-----+-----+-----+-----+-----+-----+-----+-----+-----+-----+-----+-----+-----+
| 32  | 36  | 82  | 103 | 157 | 181 | 219 | 235 | 277 | 303 | 328 | 367 | 411 | 439 | 460 | 504 |
+-----+-----+-----+-----+-----+-----+-----+-----+-----+-----+-----+-----+-----+-----+-----+-----+
| 29  | 63  | 90  | 100 | 160 | 182 | 202 | 251 | 282 | 300 | 335 | 377 | 389 | 442 | 450 | 493 |
+-----+-----+-----+-----+-----+-----+-----+-----+-----+-----+-----+-----+-----+-----+-----+-----+
|  7  | 55  | 87  | 124 | 131 | 180 | 193 | 225 | 274 | 319 | 331 | 359 | 414 | 427 | 469 | 507 |
+-----+-----+-----+-----+-----+-----+-----+-----+-----+-----+-----+-----+-----+-----+-----+-----+
| 18  | 54  | 76  | 115 | 149 | 173 | 205 | 250 | 258 | 312 | 341 | 357 | 386 | 444 | 467 | 489 |
+-----+-----+-----+-----+-----+-----+-----+-----+-----+-----+-----+-----+-----+-----+-----+-----+
| 22  | 43  | 88  | 122 | 155 | 187 | 203 | 234 | 287 | 314 | 338 | 362 | 408 | 447 | 453 | 512 |
+-----+-----+-----+-----+-----+-----+-----+-----+-----+-----+-----+-----+-----+-----+-----+-----+
| 10  | 46  | 77  | 105 | 159 | 166 | 197 | 240 | 283 | 318 | 327 | 382 | 412 | 430 | 456 | 488 |
+-----+-----+-----+-----+-----+-----+-----+-----+-----+-----+-----+-----+-----+-----+-----+-----+
|  2  | 39  | 70  | 126 | 136 | 163 | 209 | 226 | 284 | 302 | 340 | 369 | 415 | 417 | 461 | 505 |
+-----+-----+-----+-----+-----+-----+-----+-----+-----+-----+-----+-----+-----+-----+-----+-----+
|  4  | 42  | 83  | 102 | 158 | 174 | 210 | 253 | 286 | 310 | 339 | 381 | 406 | 421 | 454 | 501 |
+-----+-----+-----+-----+-----+-----+-----+-----+-----+-----+-----+-----+-----+-----+-----+-----+
| 16  | 41  | 73  | 109 | 141 | 177 | 223 | 254 | 285 | 317 | 330 | 375 | 401 | 426 | 451 | 506 |
+-----+-----+-----+-----+-----+-----+-----+-----+-----+-----+-----+-----+-----+-----+-----+-----+
| 15  | 44  | 80  | 112 | 137 | 168 | 213 | 232 | 259 | 311 | 337 | 360 | 393 | 440 | 477 | 496 |
+-----+-----+-----+-----+-----+-----+-----+-----+-----+-----+-----+-----+-----+-----+-----+-----+
|  9  | 56  | 93  | 123 | 152 | 179 | 194 | 256 | 270 | 313 | 332 | 376 | 407 | 437 | 457 | 508 |
+-----+-----+-----+-----+-----+-----+-----+-----+-----+-----+-----+-----+-----+-----+-----+-----+
|  6  | 58  | 86  | 97  | 143 | 171 | 206 | 241 | 280 | 298 | 334 | 374 | 388 | 441 | 473 | 484 |
+-----+-----+-----+-----+-----+-----+-----+-----+-----+-----+-----+-----+-----+-----+-----+-----+
| 24  | 50  | 69  | 99  | 133 | 178 | 204 | 244 | 265 | 306 | 329 | 366 | 396 | 436 | 458 | 500 |
+-----+-----+-----+-----+-----+-----+-----+-----+-----+-----+-----+-----+-----+-----+-----+-----+
| 12  | 51  | 84  | 108 | 144 | 186 | 211 | 230 | 261 | 299 | 343 | 358 | 385 | 443 | 470 | 495 |
+-----+-----+-----+-----+-----+-----+-----+-----+-----+-----+-----+-----+-----+-----+-----+-----+
| 14  | 37  | 95  | 128 | 135 | 164 | 195 | 233 | 269 | 305 | 324 | 361 | 397 | 420 | 459 | 502 |
+-----+-----+-----+-----+-----+-----+-----+-----+-----+-----+-----+-----+-----+-----+-----+-----+
| 30  | 53  | 74  | 114 | 150 | 185 | 216 | 236 | 273 | 315 | 323 | 370 | 387 | 419 | 464 | 492 |
+-----+-----+-----+-----+-----+-----+-----+-----+-----+-----+-----+-----+-----+-----+-----+-----+

Card #2
   B     I     N     G     O     D     A     R     L     Y     Z     E     M     P     U     X   
+-----+-----+-----+-----+-----+-----+-----+-----+-----+-----+-----+-----+-----+-----+-----+-----+
| 24  | 37  | 89  | 98  | 130 | 171 | 193 | 237 | 263 | 295 | 321 | 378 | 388 | 423 | 473 | 487 |
+-----+-----+-----+-----+-----+-----+-----+-----+-----+-----+-----+-----+-----+-----+-----+-----+
| 25  | 62  | 73  | 114 | 142 | 173 | 198 | 226 | 288 | 315 | 343 | 379 | 413 | 429 | 479 | 494 |
+-----+-----+-----+-----+-----+-----+-----+-----+-----+-----+-----+-----+-----+-----+-----+-----+
| 23  | 59  | 80  | 117 | 144 | 175 | 203 | 251 | 284 | 309 | 329 | 380 | 390 | 425 | 461 | 488 |
+-----+-----+-----+-----+-----+-----+-----+-----+-----+-----+-----+-----+-----+-----+-----+-----+
|  1  | 48  | 82  | 115 | 159 | 189 | 214 | 233 | 270 | 316 | 337 | 381 | 398 | 424 | 472 | 500 |
+-----+-----+-----+-----+-----+-----+-----+-----+-----+-----+-----+-----+-----+-----+-----+-----+
| 30  | 47  | 87  | 121 | 160 | 185 | 209 | 227 | 277 | 301 | 342 | 361 | 394 | 417 | 476 | 489 |
+-----+-----+-----+-----+-----+-----+-----+-----+-----+-----+-----+-----+-----+-----+-----+-----+
|  3  | 34  | 67  | 110 | 148 | 165 | 194 | 241 | 283 | 304 | 350 | 364 | 387 | 447 | 451 | 496 |
+-----+-----+-----+-----+-----+-----+-----+-----+-----+-----+-----+-----+-----+-----+-----+-----+
|  7  | 35  | 85  | 119 | 156 | 187 | 204 | 238 | 280 | 313 | 335 | 383 | 401 | 421 | 469 | 512 |
+-----+-----+-----+-----+-----+-----+-----+-----+-----+-----+-----+-----+-----+-----+-----+-----+
| 31  | 55  | 66  | 101 | 131 | 190 | 224 | 242 | 267 | 312 | 345 | 358 | 405 | 428 | 450 | 501 |
+-----+-----+-----+-----+-----+-----+-----+-----+-----+-----+-----+-----+-----+-----+-----+-----+
| 18  | 50  | 96  | 97  | 146 | 178 | 210 | 248 | 257 | 318 | 327 | 355 | 396 | 446 | 468 | 497 |
+-----+-----+-----+-----+-----+-----+-----+-----+-----+-----+-----+-----+-----+-----+-----+-----+
|  2  | 56  | 72  | 112 | 134 | 186 | 208 | 252 | 273 | 303 | 352 | 356 | 402 | 442 | 460 | 502 |
+-----+-----+-----+-----+-----+-----+-----+-----+-----+-----+-----+-----+-----+-----+-----+-----+
| 17  | 60  | 81  | 125 | 141 | 167 | 211 | 249 | 279 | 314 | 339 | 354 | 409 | 439 | 457 | 481 |
+-----+-----+-----+-----+-----+-----+-----+-----+-----+-----+-----+-----+-----+-----+-----+-----+
| 15  | 41  | 69  | 105 | 147 | 166 | 206 | 247 | 276 | 298 | 344 | 365 | 404 | 418 | 453 | 498 |
+-----+-----+-----+-----+-----+-----+-----+-----+-----+-----+-----+-----+-----+-----+-----+-----+
| 10  | 54  | 94  | 102 | 145 | 161 | 215 | 235 | 269 | 296 | 330 | 369 | 389 | 419 | 471 | 482 |
+-----+-----+-----+-----+-----+-----+-----+-----+-----+-----+-----+-----+-----+-----+-----+-----+
| 13  | 52  | 75  | 113 | 138 | 180 | 199 | 256 | 259 | 311 | 348 | 371 | 403 | 444 | 478 | 493 |
+-----+-----+-----+-----+-----+-----+-----+-----+-----+-----+-----+-----+-----+-----+-----+-----+
|  6  | 44  | 76  | 106 | 137 | 163 | 207 | 245 | 265 | 320 | 347 | 366 | 399 | 432 | 459 | 509 |
+-----+-----+-----+-----+-----+-----+-----+-----+-----+-----+-----+-----+-----+-----+-----+-----+
| 16  | 64  | 79  | 107 | 129 | 184 | 196 | 253 | 286 | 317 | 324 | 372 | 408 | 433 | 480 | 490 |
+-----+-----+-----+-----+-----+-----+-----+-----+-----+-----+-----+-----+-----+-----+-----+-----+

