Card #0
   B     I     N     G     O     D   
+-----+-----+-----+-----+-----+-----+
| 10  | 19  | 26  | 42  | 59  | 71  |
+-----+-----+-----+-----+-----+-----+
|  9  | 16  | 30  | 41  | 57  | 72  |
+-----+-----+-----+-----+-----+-----+
|  7  | 17  | 33  | 44  | 51  | 64  |
+-----+-----+-----+-----+-----+-----+
|  4  | 14  | 28  | 38  | 55  | 63  |
+-----+-----+-----+-----+-----+-----+
|  5  | 24  | 25  | 45  | 60  | 61  |
+-----+-----+-----+-----+-----+-----+
| 12  | 18  | 29  | 46  | 56  | 68  |
+-----+-----+-----+-----+-----+-----+

Card #1
   B     I     N     G     O     D   
+-----+-----+-----+-----+-----+-----+
|  9  | 23  | 35  | 39  | 52  | 71  |
+-----+-----+-----+-----+-----+-----+
|  3  | 20  | 33  | 40  | 49  | 63  |
+-----+-----+-----+-----+-----+-----+
| 12  | 15  | 26  | 42  | 54  | 67  |
+-----+-----+-----+-----+-----+-----+
| 11  | 22  | 27  | 48  | 55  | 64  |
+-----+-----+-----+-----+-----+-----+
|  4  | 13  | 32  | 44  | 58  | 68  |
+-----+-----+-----+-----+-----+-----+
| 10  | 18  | 28  | 46  | 59  | 65  |
+-----+-----+-----+-----+-----+-----+

Card #2
   B     I     N     G     O     D   
+-----+-----+-----+-----+-----+-----+
|  5  | 16  | 26  | 45  | 57  | 65  |
+-----+-----+-----+-----+-----+-----+
| 10  | 20  | 35  | 41  | 54  | 70  |
+-----+-----+-----+-----+-----+-----+
| 12  | 15  | 29  | 40  | 53  | 69  |
+-----+-----+-----+-----+-----+-----+
|  6  | 21  | 32  | 48  | 60  | 72  |
+-----+-----+-----+-----+-----+-----+
|  7  | 17  | 33  | 44  | 49  | 62  |
+-----+-----+-----+-----+-----+-----+
| 11  | 23  | 25  | 39  | 50  | 61  |
+-----+-----+-----+-----+-----+-----+

