Card #0
   B     I     N     G     O     D     A   
+-----+-----+-----+-----+-----+-----+-----+
| 11  | 17  | 33  | 47  | 62  | 71  | 85  |
+-----+-----+-----+-----+-----+-----+-----+
|  3  | 21  | 39  | 50  | 64  | 80  | 94  |
+-----+-----+-----+-----+-----+-----+-----+
|  9  | 25  | 32  | 44  | 67  | 72  | 88  |
+-----+-----+-----+-----+-----+-----+-----+
|  6  | 28  | 37  |FREE!| 69  | 82  | 93  |
+-----+-----+-----+-----+-----+-----+-----+
| 12  | 18  | 41  | 48  | 61  | 83  | 89  |
+-----+-----+-----+-----+-----+-----+-----+
|  8  | 26  | 29  | 54  | 65  | 76  | 96  |
+-----+-----+-----+-----+-----+-----+-----+
| 13  | 16  | 42  | 55  | 68  | 81  | 91  |
+-----+-----+-----+-----+-----+-----+-----+

Card #1
   B     I     N     G     O     D     A   
+-----+-----+-----+-----+-----+-----+-----+
|  1  | 18  | 41  | 43  | 62  | 82  | 91  |
+-----+-----+-----+-----+-----+-----+-----+
|  8  | 25  | 32  | 54  | 58  | 72  | 98  |
+-----+-----+-----+-----+-----+-----+-----+
|  9  | 24  | 36  | 51  | 63  | 77  | 88  |
+-----+-----+-----+-----+-----+-----+-----+
|  2  | 28  | 30  |FREE!| 70  | 81  | 86  |
+-----+-----+-----+-----+-----+-----+-----+
| 14  | 15  | 38  | 44  | 65  | 83  | 89  |
+-----+-----+-----+-----+-----+-----+-----+
|  6  | 19  | 29  | 49  | 61  | 84  | 94  |
+-----+-----+-----+-----+-----+-----+-----+
|  5  | 23  | 39  | 45  | 59  | 73  | 93  |
+-----+-----+-----+-----+-----+-----+-----+

Card #2
   B     I     N     G     O     D     A   
+-----+-----+-----+-----+-----+-----+-----+
|  7  | 15  | 34  | 52  | 62  | 71  | 90  |
+-----+-----+-----+-----+-----+-----+-----+
|  1  | 25  | 42  | 46  | 64  | 81  | 91  |
+-----+-----+-----+-----+-----+-----+-----+
| 12  | 19  | 30  | 54  | 59  | 76  | 88  |
+-----+-----+-----+-----+-----+-----+-----+
| 14  | 24  | 29  |FREE!| 70  | 73  | 94  |
+-----+-----+-----+-----+-----+-----+-----+
| 11  | 18  | 33  | 55  | 61  | 84  | 86  |
+-----+-----+-----+-----+-----+-----+-----+
|  4  | 23  | 32  | 43  | 69  | 82  | 93  |
+-----+-----+-----+-----+-----+-----+-----+
|  2  | 26  | 39  | 48  | 63  | 77  | 89  |
+-----+-----+-----+-----+-----+-----+-----+

