Card #0
   B     I     N     G     O     D     A     R   
+-----+-----+-----+-----+-----+-----+-----+-----+
|  6  | 17  | 42  | 52  | 77  | 89  | 99  | 122 |
+-----+-----+-----+-----+-----+-----+-----+-----+
|  9  | 24  | 39  | 50  | 78  | 92  | 112 | 126 |
+-----+-----+-----+-----+-----+-----+-----+-----+
|  1  | 20  | 38  | 49  | 75  | 94  | 108 | 127 |
+-----+-----+-----+-----+-----+-----+-----+-----+
| 11  | 27  | 43  | 60  | 80  | 82  | 97  | 114 |
+-----+-----+-----+-----+-----+-----+-----+-----+
| 15  | 28  | 47  | 57  | 70  | 96  | 103 | 116 |
+-----+-----+-----+-----+-----+-----+-----+-----+
|  8  | 22  | 33  | 62  | 69  | 91  | 107 | 115 |
+-----+-----+-----+-----+-----+-----+-----+-----+
|  2  | 31  | 37  | 64  | 79  | 84  | 102 | 119 |
+-----+-----+-----+-----+-----+-----+-----+-----+
| 13  | 30  | 44  | 61  | 65  | 81  | 100 | 125 |
+-----+-----+-----+-----+-----+-----+-----+-----+

Card #1
   B     I     N     G     O     D     A     R   
+-----+-----+-----+-----+-----+-----+-----+-----+
| 16  | 31  | 40  | 61  | 77  | 82  | 109 | 113 |
+-----+-----+-----+-----+-----+-----+-----+-----+
| 15  | 23  | 47  | 56  | 75  | 84  | 112 | 123 |
+-----+-----+-----+-----+-----+-----+-----+-----+
| 13  | 19  | 46  | 49  | 79  | 94  | 102 | 119 |
+-----+-----+-----+-----+-----+-----+-----+-----+
|  5  | 18  | 44  | 59  | 72  | 85  | 108 | 114 |
+-----+-----+-----+-----+-----+-----+-----+-----+
|  1  | 32  | 34  | 58  | 74  | 95  | 111 | 117 |
+-----+-----+-----+-----+-----+-----+-----+-----+
|  9  | 24  | 33  | 63  | 65  | 83  | 103 | 121 |
+-----+-----+-----+-----+-----+-----+-----+-----+
|  7  | 27  | 37  | 50  | 66  | 92  | 98  | 122 |
+-----+-----+-----+-----+-----+-----+-----+-----+
| 11  | 21  | 48  | 51  | 78  | 86  | 101 | 128 |
+-----+-----+-----+-----+-----+-----+-----+-----+

Card #2
   B     I     N     G     O     D     A     R   
+-----+-----+-----+-----+-----+-----+-----+-----+
|  6  | 30  | 39  | 63  | 67  | 92  | 107 | 123 |
+-----+-----+-----+-----+-----+-----+-----+-----+
| 10  | 28  | 48  | 57  | 66  | 86  | 105 | 115 |
+-----+-----+-----+-----+-----+-----+-----+-----+
| 15  | 20  | 43  | 62  | 69  | 91  | 103 | 125 |
+-----+-----+-----+-----+-----+-----+-----+-----+
| 13  | 19  | 40  | 49  | 71  | 88  | 111 | 124 |
+-----+-----+-----+-----+-----+-----+-----+-----+
|  9  | 21  | 37  | 59  | 74  | 82  | 110 | 121 |
+-----+-----+-----+-----+-----+-----+-----+-----+
|  2  | 22  | 36  | 61  | 79  | 81  | 104 | 114 |
+-----+-----+-----+-----+-----+-----+-----+-----+
|  7  | 17  | 38  | 52  | 76  | 83  | 99  | 120 |
+-----+-----+-----+-----+-----+-----+-----+-----+
| 14  | 23  | 34  | 51  | 80  | 85  | 106 | 127 |
+-----+-----+-----+-----+-----+-----+-----+-----+

