Card #0
   B     I     N     G     O     D     A     R     L   
+-----+-----+-----+-----+-----+-----+-----+-----+-----+
|  6  | 30  | 52  | 71  | 78  | 102 | 112 | 144 | 146 |
+-----+-----+-----+-----+-----+-----+-----+-----+-----+
| 18  | 34  | 39  | 68  | 86  | 104 | 125 | 138 | 156 |
+-----+-----+-----+-----+-----+-----+-----+-----+-----+
|  8  | 31  | 45  | 59  | 73  | 100 | 114 | 137 | 151 |
+-----+-----+-----+-----+-----+-----+-----+-----+-----+
| 12  | 29  | 43  | 62  | 80  | 107 | 124 | 128 | 147 |
+-----+-----+-----+-----+-----+-----+-----+-----+-----+
|  5  | 27  | 41  | 64  |FREE!| 105 | 109 | 131 | 148 |
+-----+-----+-----+-----+-----+-----+-----+-----+-----+
| 11  | 33  | 53  | 58  | 76  | 98  | 119 | 143 | 149 |
+-----+-----+-----+-----+-----+-----+-----+-----+-----+
| 14  | 32  | 48  | 69  | 82  | 106 | 118 | 130 | 150 |
+-----+-----+-----+-----+-----+-----+-----+-----+-----+
|  3  | 24  | 51  | 67  | 77  | 96  | 117 | 135 | 160 |
+-----+-----+-----+-----+-----+-----+-----+-----+-----+
|  2  | 25  | 37  | 72  | 84  | 108 | 110 | 129 | 154 |
+-----+-----+-----+-----+-----+-----+-----+-----+-----+

Card #1
   B     I     N     G     O     D     A     R     L   
+-----+-----+-----+-----+-----+-----+-----+-----+-----+
| 10  | 25  | 51  | 68  | 77  | 106 | 114 | 135 | 156 |
+-----+-----+-----+-----+-----+-----+-----+-----+-----+
|  4  | 31  | 45  | 57  | 78  | 104 | 119 | 131 | 162 |
+-----+-----+-----+-----+-----+-----+-----+-----+-----+
|  5  | 19  | 40  | 60  | 90  | 105 | 126 | 138 | 150 |
+-----+-----+-----+-----+-----+-----+-----+-----+-----+
| 11  | 20  | 38  | 58  | 82  | 102 | 123 | 143 | 158 |
+-----+-----+-----+-----+-----+-----+-----+-----+-----+
|  8  | 28  | 50  | 66  |FREE!| 100 | 109 | 134 | 149 |
+-----+-----+-----+-----+-----+-----+-----+-----+-----+
| 13  | 32  | 37  | 62  | 73  | 107 | 115 | 141 | 148 |
+-----+-----+-----+-----+-----+-----+-----+-----+-----+
| 14  | 21  | 54  | 65  | 85  | 96  | 112 | 129 | 146 |
+-----+-----+-----+-----+-----+-----+-----+-----+-----+
| 18  | 30  | 53  | 72  | 88  | 93  | 122 | 140 | 152 |
+-----+-----+-----+-----+-----+-----+-----+-----+-----+
|  2  | 22  | 46  | 61  | 80  | 94  | 118 | 130 | 157 |
+-----+-----+-----+-----+-----+-----+-----+-----+-----+

Card #2
   B     I     N     G     O     D     A     R     L   
+-----+-----+-----+-----+-----+-----+-----+-----+-----+
| 12  | 29  | 45  | 66  | 77  | 105 | 125 | 128 | 159 |
+-----+-----+-----+-----+-----+-----+-----+-----+-----+
|  6  | 21  | 47  | 70  | 81  | 100 | 109 | 137 | 151 |
+-----+-----+-----+-----+-----+-----+-----+-----+-----+
|  3  | 36  | 49  | 56  | 89  | 97  | 112 | 127 | 157 |
+-----+-----+-----+-----+-----+-----+-----+-----+-----+
|  8  | 30  | 46  | 68  | 78  | 107 | 115 | 141 | 150 |
+-----+-----+-----+-----+-----+-----+-----+-----+-----+
|  5  | 31  | 44  | 72  |FREE!| 102 | 118 | 133 | 162 |
+-----+-----+-----+-----+-----+-----+-----+-----+-----+
| 16  | 20  | 37  | 62  | 86  | 96  | 123 | 139 | 146 |
+-----+-----+-----+-----+-----+-----+-----+-----+-----+
| 13  | 34  | 41  | 59  | 75  | 101 | 126 | 142 | 148 |
+-----+-----+-----+-----+-----+-----+-----+-----+-----+
|  1  | 32  | 42  | 55  | 85  | 106 | 120 | 135 | 156 |
+-----+-----+-----+-----+-----+-----+-----+-----+-----+
|  4  | 24  | 38  | 57  | 87  | 99  | 111 | 129 | 149 |
+-----+-----+-----+-----+-----+-----+-----+-----+-----+

